%PDF-1.7

1 0 obj
  << >>
endobj

2 0 obj
  << /Length 3 0 R >>
stream
/DeviceRGB CS
/DeviceRGB cs
q
1.000000 0.000000 -0.000000 1.000000 12.648224 11.139648 cm
0.796078 0.796078 0.796078 scn
8.928156 4.455795 m
8.928156 1.994762 6.929491 -0.000031 4.464193 -0.000031 c
1.998666 -0.000031 0.000000 1.994762 0.000000 4.455795 c
0.000000 6.916829 1.998666 8.911621 4.464193 8.911621 c
6.929491 8.911621 8.928156 6.916829 8.928156 4.455795 c
f*
n
Q
q
1.000000 0.000000 -0.000000 1.000000 9.672180 1.485352 cm
0.796078 0.796078 0.796078 scn
12.450665 -0.000069 m
2.429596 -0.000069 l
0.678753 -0.000069 -0.521532 1.863786 0.226452 3.485493 c
1.502880 6.253486 4.252251 8.168945 7.439104 8.168945 c
10.625730 8.168945 13.376468 6.253720 14.653581 3.485960 c
15.402020 1.864253 14.201735 -0.000069 12.450665 -0.000069 c
f*
n
Q
q
1.000000 0.000000 -0.000000 1.000000 2.976044 14.110107 cm
0.796078 0.796078 0.796078 scn
4.464193 -0.000031 m
1.998666 -0.000031 0.000000 1.994762 0.000000 4.455795 c
0.000000 6.916829 1.998666 8.911621 4.464193 8.911621 c
6.929491 8.911621 8.928156 6.916829 8.928156 4.455795 c
8.928156 1.994762 6.929491 -0.000031 4.464193 -0.000031 c
h
f*
n
Q
q
1.000000 0.000000 -0.000000 1.000000 0.000000 4.456055 cm
0.796078 0.796078 0.796078 scn
2.429596 -0.000069 m
0.678753 -0.000069 -0.521532 1.863786 0.226452 3.485493 c
1.502880 6.253486 4.252251 8.168945 7.439104 8.168945 c
10.625730 8.168945 13.376468 6.253720 14.653581 3.485960 c
15.402020 1.864253 14.201735 -0.000069 12.450665 -0.000069 c
2.429596 -0.000069 l
h
f*
n
Q

endstream
endobj

3 0 obj
  1475
endobj

4 0 obj
  << /Annots []
     /Type /Page
     /MediaBox [ 0.000000 0.000000 24.552429 24.507080 ]
     /Resources 1 0 R
     /Contents 2 0 R
     /Parent 5 0 R
  >>
endobj

5 0 obj
  << /Kids [ 4 0 R ]
     /Count 1
     /Type /Pages
  >>
endobj

6 0 obj
  << /Pages 5 0 R
     /Type /Catalog
  >>
endobj

xref
0 7
0000000000 65535 f
0000000010 00000 n
0000000034 00000 n
0000001565 00000 n
0000001588 00000 n
0000001761 00000 n
0000001835 00000 n
trailer
<< /ID [ (some) (id) ]
   /Root 6 0 R
   /Size 7
>>
startxref
1894
%%EOF